A= [31 -8 11; -8 15 -6; 11 -6 25];
b=[8;-4;13];
ans=A\b;
error= A*ans - b


